MY_ACCOUNT_ID = 0.0.4579911
MY_PRIVATE_KEY =3030020100300706052b8104000a042204206b6821a23b2fa045a494e860fca524a51531218c952bb11107be8ab180c7b443

SECOND_ACCOUNT_ID = 0.0.4597943
SECOND_PRIVATE_KEY =302e020100300506032b657004220420fbc774aedbc40a8219b787f45d4fdbe109b8b4cf01822978213f7fb3ed2548b6